2.2,-160,0,-160.00,0.00,-16.00,-80.00
2.3,-160,-7,-152.97,-96.00,-15.30,-156.48
2.4,-160,-53,-107.25,-171.78,-10.72,-210.11
2.5,-160,-111,-49.21,-220.83,-4.92,-234.71
2.6,-160,-144,-15.80,-239.63,-1.58,-242.61
2.7,-160,-174,14.09,-244.19,1.41,-235.57
2.8,-160,-188,28.16,-234.16,2.82,-221.49
2.9,-160,-186,26.40,-218.67,2.64,-208.29
3.1,-160,-185,24.64,-205.65,2.46,-195.97
3.2,-160,-183,22.88,-193.50,2.29,-184.53
3.3,-160,-179,19.37,-182.24,1.94,-174.84
3.4,-160,-181,21.13,-172.91,2.11,-164.28
3.5,-160,-181,21.13,-162.17,2.11,-153.72
3.6,-160,-181,21.13,-151.60,2.11,-143.15
3.7,-160,-178,17.61,-141.04,1.76,-134.35
3.9,-160,-171,10.57,-132.59,01.06,-129.06
4.0,-160,-164,3.54,-128.00,0.35,-127.29
4.1,-160,-158,-1.74,-126.94,-0.17,-128.16
4.2,-160,-158,-1.74,-128.33,-0.17,-129.03
4.3,-160,-157,-3.49,-129.20,-0.35,-130.77
4.4,-160,-155,-5.25,-131.12,-0.53,-133.40
4.5,-160,-157,-3.49,-133.92,-0.35,-135.15
4.7,-160,-158,-1.74,-135.50,-0.17,-136.01
4.8,-160,-158,-1.74,-136.19,-0.17,-136.88
4.9,-160,-160,0.02,-137.06,0.00,-136.87
5.0,-160,-158,-1.74,-136.87,-0.17,-137.74
5.1,-160,-162,1.78,-137.91,0.18,-136.85
5.2,-160,-158,-1.74,-136.67,-0.17,-137.71
5.3,-160,-162,1.78,-137.89,0.18,-136.82
5.5,-160,-160,0.02,-136.64,0.00,-136.81
5.6,-160,-160,0.02,-136.81,0.00,-136.80
5.7,-160,-160,0.02,-136.80,0.00,-136.79
5.8,-160,-158,-1.74,-136.79,-0.17,-137.66
5.9,-160,-162,1.78,-137.83,0.18,-136.76
6.0,-160,-160,0.02,-136.59,0.00,-136.75
6.1,-160,-160,0.02,-136.75,0.00,-136.74
6.3,-160,-160,0.02,-136.74,0.00,-136.73
6.4,-139,-160,21.02,-136.73,2.10,-126.22
6.5,-93,-160,67.02,-124.12,6.70,-92.71
6.6,-57,-157,99.51,-86.00,9.95,-42.95
6.7,-51,-144,93.20,-33.00,9.32,3.65
6.8,-50,-121,71.34,12.97,7.13,39.31
6.9,-51,-88,36.92,46.45,3.69,57.78
7.0,-50,-35,-14.83,61.47,-1.48,50.36
7.1,-40,11,-50.55,48.88,-5.06,25.09
7.3,-8,21,-29.10,20.03,-2.91,10.54
7.4,30,18,12.42,7.62,1.24,16.74
7.5,65,0,65.00,17.98,6.50,49.24
7.6,103,0,103.00,55.74,10.30,100.74
7.7,148,0,148.00,111.04,14.80,174.74
7.8,156,32,124.35,189.54,12.43,236.92
7.9,157,109,47.97,249.35,4.80,260.90
8.0,157,153,04.01,265.70,0.40,262.91
8.1,158,172,-14.33,263.31,-1.43,255.74
8.2,160,181,-21.13,254.31,-2.11,245.18
8.3,160,183,-22.88,243.07,-2.29,233.74
8.5,160,181,-21.13,231.45,-2.11,223.17
8.6,160,178,-17.61,221.06,-1.76,214.37
8.7,160,178,-17.61,212.61,-1.76,205.57
8.8,160,176,-15.85,203.80,-1.58,197.64
8.9,160,178,-17.61,196.06,-1.76,188.84
9.0,160,174,-14.09,187.08,-1.41,181.79
9.1,160,174,-14.09,180.38,-1.41,174.74
9.2,160,171,-10.57,173.34,-1.06,169.46
9.4,160,171,-10.57,168.40,-1.06,164.17
9.5,160,169,-8.82,163.11,-0.88,159.76
9.6,160,165,-5.30,158.88,-0.53,157.11
9.7,160,164,-3.54,156.58,-0.35,155.34
9.8,160,162,-1.78,154.99,-0.18,154.45
9.9,160,162,-1.78,154.27,-0.18,153.56
10.0,160,162,-1.78,153.38,-0.18,152.67
10.1,160,162,-1.78,152.49,-0.18,151.78
10.3,160,162,-1.78,151.60,-0.18,150.89
10.4,160,162,-1.78,150.71,-0.18,150.00
10.5,160,162,-1.78,149.82,-0.18,149.11
10.6,160,162,-1.78,148.93,-0.18,148.22
10.7,160,162,-1.78,148.04,-0.18,147.32
10.8,160,162,-1.78,147.15,-0.18,146.43
10.9,160,162,-1.78,146.26,-0.18,145.54
11.0,160,160,-0.02,145.36,-0.00,145.53
11.1,160,162,-1.78,145.53,-0.18,144.64
11.3,160,162,-1.78,144.46,-0.18,143.75
11.4,159,160,-1.02,143.57,-0.10,143.24
11.5,160,160,-0.02,143.13,-0.00,143.23
11.6,160,160,-0.02,143.22,-0.00,143.21
11.7,160,160,-0.02,143.21,-0.00,143.20
11.8,160,162,-1.78,143.20,-0.18,142.31
11.9,160,160,-0.02,142.13,-0.00,142.30
12.0,160,160,-0.02,142.30,-0.00,142.29
12.2,160,158,1.74,142.29,0.17,143.15
12.3,160,157,3.49,143.33,0.35,144.90
12.4,160,157,3.49,145.25,0.35,146.65
12.5,160,158,1.74,147.00,0.17,147.52
12.6,160,158,1.74,147.69,0.17,148.38
12.7,160,158,1.74,148.56,0.17,149.25
12.8,160,158,1.74,149.42,0.17,150.12
12.9,160,158,1.74,150.29,0.17,150.99
13.0,160,160,-0.02,151.16,-0.00,150.97
13.2,160,162,-1.78,150.97,-0.18,150.08
13.3,160,164,-3.54,149.91,-0.35,148.31
13.4,160,162,-1.78,147.96,-0.18,147.42
13.5,160,162,-1.78,147.24,-0.18,146.53
13.6,159,160,-1.02,146.35,-0.10,146.02
13.7,160,160,-0.02,145.92,-0.00,146.01
13.8,160,162,-1.78,146.01,-0.18,145.12
13.9,160,160,-0.02,144.94,-0.00,145.11
14.1,160,160,-0.02,145.10,-0.00,145.09
14.2,160,160,-0.02,145.09,-0.00,145.08
14.3,160,160,-0.02,145.08,-0.00,145.07
14.4,160,160,-0.02,145.07,-0.00,145.06
14.5,160,158,1.74,145.06,0.17,145.93
14.6,160,157,3.49,146.10,0.35,147.67
14.7,160,157,3.49,148.02,0.35,149.42
14.8,160,158,1.74,149.77,0.17,150.29
14.9,160,158,1.74,150.46,0.17,151.15
15.1,160,158,1.74,151.33,0.17,152.02
15.2,160,160,-0.02,152.20,-0.00,152.01
15.3,160,164,-3.54,152.01,-0.35,150.24
15.4,160,164,-3.54,149.89,-0.35,148.47
15.5,160,162,-1.78,148.12,-0.18,147.58
15.6,159,164,-4.54,147.40,-0.45,145.31
15.7,159,162,-2.78,144.85,-0.28,143.92
15.8,160,162,-1.78,143.64,-0.18,143.03
15.9,160,160,-0.02,142.85,-0.00,143.01
16.1,160,160,-0.02,143.01,-0.00,143.00
16.2,160,160,-0.02,143.00,-0.00,142.99
16.3,160,158,1.74,142.99,0.17,143.86
16.4,160,158,1.74,144.03,0.17,144.73
16.5,160,157,3.49,144.90,0.35,146.47
16.6,160,157,3.49,146.82,0.35,148.22
16.7,160,157,3.49,148.57,0.35,149.97
16.8,160,158,1.74,150.32,0.17,150.83
16.9,160,158,1.74,151.01,0.17,151.70
17.1,160,160,-0.02,151.88,-0.00,151.69
17.2,160,162,-1.78,151.69,-0.18,150.80
17.3,160,164,-3.54,150.62,-0.35,149.03
17.4,160,162,-1.78,148.67,-0.18,148.14
17.5,160,162,-1.78,147.96,-0.18,147.25
17.6,160,162,-1.78,147.07,-0.18,146.36
17.7,160,162,-1.78,146.18,-0.18,145.47
17.8,160,162,-1.78,145.29,-0.18,144.57
18.0,160,162,-1.78,144.40,-0.18,143.68
18.1,160,160,-0.02,143.50,-0.00,143.67
18.2,160,162,-1.78,143.67,-0.18,142.78
18.3,160,160,-0.02,142.60,-0.00,142.77
18.4,160,160,-0.02,142.77,-0.00,142.76
18.5,160,158,1.74,142.75,0.17,143.62
18.6,160,157,3.49,143.80,0.35,145.37
18.7,160,157,3.49,145.72,0.35,147.12
18.8,160,157,3.49,147.47,0.35,148.86
19.0,160,158,1.74,149.21,0.17,149.73
19.1,160,158,1.74,149.91,0.17,150.60
19.2,160,158,1.74,150.77,0.17,151.47
19.3,160,160,-0.02,151.64,-0.00,151.46
19.4,160,162,-1.78,151.45,-0.18,150.56
19.5,160,164,-3.54,150.39,-0.35,148.79
19.6,160,162,-1.78,148.44,-0.18,147.90
19.7,160,162,-1.78,147.73,-0.18,147.01
19.9,160,160,-0.02,146.83,-0.00,147.00
20.0,159,160,-1.02,147.00,-0.10,146.49
20.1,160,160,-0.02,146.39,-0.00,146.48
20.2,160,160,-0.02,146.48,-0.00,146.47
20.3,158,160,-2.02,146.46,-0.20,145.45
20.4,151,162,-10.78,145.25,-1.08,140.06
20.5,146,162,-15.78,138.98,-1.58,132.17
20.6,143,160,-17.02,130.59,-1.70,123.66
20.8,141,158,-17.26,121.96,-1.73,115.03
20.9,140,157,-16.51,113.30,-1.65,106.77
21.0,135,151,-16.23,105.12,-1.62,98.66
21.1,134,144,-10.20,97.04,-1.02,93.56
21.2,134,137,-3.16,92.54,-0.32,91.98
21.3,133,132,1.11,91.66,0.11,92.54
21.4,133,127,6.39,92.65,0.64,95.73
21.5,132,123,8.91,96.37,0.89,100.18
21.6,132,123,8.91,101.07,0.89,104.63
21.7,130,128,1.63,105.53,0.16,105.45
21.9,129,128,0.63,105.61,0.06,105.76
22.0,129,132,-2.89,105.83,-0.29,104.32
22.1,128,135,-7.40,104.03,-0.74,100.62
22.2,126,137,-11.16,99.88,-1.12,95.04
22.3,126,134,-7.65,93.92,-0.76,91.21
22.4,126,130,-4.13,90.45,-0.41,89.15
22.5,126,127,-0.61,88.74,-0.06,88.84
22.6,126,125,1.15,88.78,0.11,89.42
22.7,125,120,5.42,89.53,0.54,92.13
22.9,126,118,8.18,92.67,0.82,96.22
23.0,126,118,8.18,97.04,0.82,100.31
23.1,126,121,4.66,101.13,0.47,102.64
23.2,126,125,1.15,103.11,0.11,103.21
23.3,126,128,-2.37,103.33,-0.24,102.03
23.4,126,134,-7.65,101.79,-0.76,98.21
23.5,127,132,-4.89,97.44,-0.49,95.76
23.6,124,130,-6.13,95.27,-0.61,92.70
23.7,121,128,-7.37,92.08,-0.74,89.01
23.8,118,125,-6.85,88.27,-0.69,85.58
24.0,114,123,-9.09,84.90,-0.91,81.04
24.1,108,121,-13.34,80.13,-1.33,74.37
24.2,104,118,-13.82,73.04,-1.38,67.46
24.3,101,113,-11.54,66.08,-1.15,61.69
24.4,101,106,-4.51,60.53,-0.45,59.43
24.5,99,98,0.52,58.98,0.05,59.69
24.6,97,86,10.83,59.75,01.08,65.11
24.7,93,84,8.59,66.19,0.86,69.41
24.8,93,81,12.11,70.27,1.21,75.46
24.9,93,84,8.59,76.67,0.86,79.76
25.0,93,88,05.08,80.62,0.51,82.30
25.1,93,93,-0.20,82.80,-0.02,82.20
25.3,93,100,-7.23,82.18,-0.72,78.58
25.4,93,106,-12.51,77.85,-1.25,72.32
25.5,93,106,-12.51,71.07,-1.25,66.07
25.6,93,106,-12.51,64.82,-1.25,59.81
25.7,93,98,-5.48,58.56,-0.55,57.07
25.8,93,91,1.56,56.53,0.16,57.85
25.9,93,84,8.59,58.01,0.86,62.15
26.0,93,77,15.63,63.01,1.56,69.96
26.1,93,79,13.87,71.53,1.39,76.90
26.2,93,83,10.35,78.28,01.04,82.07
26.3,93,88,05.08,83.11,0.51,84.61
26.4,93,93,-0.20,85.12,-0.02,84.51
26.6,93,104,-10.75,84.49,-1.08,79.13
26.7,93,107,-14.27,78.06,-1.43,72.00
26.8,93,111,-17.79,70.57,-1.78,63.11
26.9,93,106,-12.51,61.33,-1.25,56.85
27.0,93,100,-7.23,55.60,-0.72,53.23
27.1,93,90,3.32,52.51,0.33,54.89
27.2,93,79,13.87,55.22,1.39,61.83
27.3,93,76,17.38,63.21,1.74,70.52
27.4,93,76,17.38,72.26,1.74,79.21
27.5,93,79,13.87,80.95,1.39,86.14
27.6,93,86,6.83,87.53,0.68,89.56
27.7,93,95,-1.96,90.24,-0.20,88.58
27.9,93,106,-12.51,88.39,-1.25,82.33
28.0,93,111,-17.79,81.08,-1.78,73.43
28.1,95,113,-17.54,71.66,-1.75,64.66
28.2,93,109,-16.03,62.91,-1.60,56.65
28.3,93,100,-7.23,55.05,-0.72,53.03
28.4,93,93,-0.20,52.31,-0.02,52.93
28.5,93,83,10.35,52.91,01.04,58.11
28.6,93,76,17.38,59.14,1.74,66.80
28.7,93,70,22.66,68.54,2.27,78.13
28.8,93,76,17.38,80.39,1.74,86.82
28.9,93,83,10.35,88.56,01.04,92.00
29.0,93,95,-1.96,93.03,-0.20,91.02
29.2,92,106,-13.51,90.82,-1.35,84.26
29.3,93,113,-19.54,82.91,-1.95,74.49
29.4,93,114,-21.30,72.54,-2.13,63.84
29.5,93,113,-19.54,61.71,-1.95,54.07
29.6,92,102,-9.99,52.11,-1.00,49.07
29.7,93,93,-0.20,48.07,-0.02,48.97
29.8,93,81,12.11,48.95,1.21,55.02
29.9,93,72,20.90,56.24,02.09,65.48
30.0,93,67,26.18,67.57,2.62,78.56
30.1,93,70,22.66,81.18,2.27,89.89
30.2,93,81,12.11,92.16,1.21,95.95
30.3,93,95,-1.96,97.16,-0.20,94.97
30.5,93,107,-14.27,94.77,-1.43,87.83
30.6,93,116,-23.06,86.41,-2.31,76.30
30.7,93,118,-24.82,74.00,-2.48,63.89
30.8,93,113,-19.54,61.41,-1.95,54.12
30.9,93,107,-14.27,52.17,-1.43,46.99
31.0,93,93,-0.20,45.56,-0.02,46.89
31.1,93,83,10.35,46.87,01.04,52.06
31.2,93,70,22.66,53.10,2.27,63.39
31.3,93,65,27.94,65.66,2.79,77.36
31.4,93,67,26.18,80.15,2.62,90.45
31.5,92,79,12.87,93.07,1.29,96.88
31.6,93,91,1.56,98.17,0.16,97.66
31.8,93,106,-12.51,97.82,-1.25,91.41
31.9,93,116,-23.06,90.16,-2.31,79.88
32.0,93,121,-28.34,77.57,-2.83,65.71
32.1,93,116,-23.06,62.88,-2.31,54.18
32.2,93,109,-16.03,51.87,-1.60,46.16
32.3,93,97,-3.72,44.56,-0.37,44.31
32.4,92,81,11.11,43.93,1.11,49.86
32.5,93,70,22.66,50.97,2.27,61.19
32.6,93,62,31.45,63.46,3.15,76.92
32.7,93,65,27.94,80.06,2.79,90.88
32.8,93,74,19.14,93.68,1.91,100.46
33.0,93,93,-0.20,102.37,-0.02,100.36
33.1,93,109,-16.03,100.34,-1.60,92.34
33.2,93,120,-26.58,90.74,-2.66,79.05
33.3,93,121,-28.34,76.40,-2.83,64.89
33.4,93,118,-24.82,62.05,-2.48,52.48
33.5,93,109,-16.03,49.99,-1.60,44.46
33.6,93,97,-3.72,42.86,-0.37,42.60
33.7,93,81,12.11,42.23,1.21,48.66
33.8,92,69,23.42,49.87,2.34,60.37
33.9,93,62,31.45,62.71,3.15,76.09
34.0,93,63,29.69,79.24,2.97,90.94
34.2,93,74,19.14,93.91,1.91,100.51
34.3,93,90,3.32,102.43,0.33,102.17
34.4,93,107,-14.27,102.50,-1.43,95.04
34.5,93,120,-26.58,93.61,-2.66,81.75
34.6,93,123,-30.09,79.09,-3.01,66.70
34.7,94,120,-25.58,63.69,-2.56,53.91
34.8,93,111,-17.79,51.35,-1.78,45.02
34.9,93,98,-5.48,43.24,-0.55,42.28
35.0,93,83,10.35,41.73,01.04,47.45
35.1,93,70,22.66,48.49,2.27,58.78
35.2,93,62,31.45,61.05,3.15,74.51
35.3,93,62,31.45,77.66,3.15,90.24
35.5,93,72,20.90,93.38,02.09,100.69
35.6,93,90,3.32,102.78,0.33,102.35
35.7,93,106,-12.51,102.68,-1.25,96.09
35.8,93,118,-24.82,94.84,-2.48,83.68
35.9,93,123,-30.09,81.20,-3.01,68.63
36.0,93,120,-26.58,65.62,-2.66,55.35
36.1,93,113,-19.54,52.69,-1.95,45.57
36.2,93,100,-7.23,43.62,-0.72,41.96
36.3,93,86,6.83,41.23,0.68,45.37
36.4,93,70,22.66,46.06,2.27,56.70
36.5,93,63,29.69,58.97,2.97,71.55
36.7,93,60,33.21,74.52,3.32,88.16
36.8,93,70,22.66,91.48,2.27,99.49
36.9,93,84,8.59,101.75,0.86,103.78
37.0,93,102,-8.99,104.64,-0.90,99.28
37.1,93,118,-24.82,98.39,-2.48,86.88
37.2,93,123,-30.09,84.39,-3.01,71.83
37.3,93,121,-28.34,68.82,-2.83,57.66
37.4,93,114,-21.30,54.83,-2.13,47.01
37.5,93,102,-8.99,44.88,-0.90,42.51
37.6,93,86,6.83,41.61,0.68,45.93
37.7,93,72,20.90,46.61,02.09,56.38
37.9,93,62,31.45,58.47,3.15,72.11
38.0,93,62,31.45,75.25,3.15,87.83
38.1,92,70,21.66,90.98,2.17,98.66
38.2,93,84,8.59,100.83,0.86,102.96
38.3,93,102,-8.99,103.82,-0.90,98.46
38.4,93,116,-23.06,97.56,-2.31,86.93
38.5,93,121,-28.34,84.62,-2.83,72.76
38.6,93,120,-26.58,69.93,-2.66,59.47
38.7,93,114,-21.30,56.82,-2.13,48.82
38.8,93,102,-8.99,46.69,-0.90,44.33
38.9,93,88,05.08,43.43,0.51,46.86
39.0,93,74,19.14,47.37,1.91,56.44
39.2,93,65,27.94,58.35,2.79,70.40
39.3,93,63,29.69,73.20,2.97,85.25
39.4,93,70,22.66,88.22,2.27,96.58
39.5,94,83,11.35,98.85,1.14,102.26
39.6,94,100,-6.23,103.39,-0.62,99.14
39.7,93,114,-21.30,98.51,-2.13,88.49
39.8,93,121,-28.34,86.36,-2.83,74.32
39.9,93,121,-28.34,71.48,-2.83,60.15
40.0,93,114,-21.30,57.32,-2.13,49.50
40.1,93,104,-10.75,47.37,-1.08,44.12
40.2,93,91,1.56,43.05,0.16,44.90
40.4,93,76,17.38,45.06,1.74,53.59
40.5,92,65,26.94,55.33,2.69,67.06
40.6,92,62,30.45,69.76,03.05,82.29
40.7,78,67,11.18,85.33,1.12,87.88
40.8,50,81,-30.89,88.99,-3.09,72.43
40.9,9,93,-84.20,69.34,-8.42,30.33
41.0,-38,97,-134.72,21.91,-13.47,-37.03
41.1,-68,88,-155.92,-50.50,-15.59,-114.99
41.2,-100,33,-133.41,-130.58,-13.34,-181.70
41.3,-137,-49,-87.76,-195.04,-8.78,-225.58
41.5,-160,-123,-36.91,-234.35,-3.69,-244.03
41.6,-160,-164,3.54,-247.72,0.35,-242.26
41.7,-160,-174,14.09,-241.90,1.41,-235.21
41.8,-160,-183,22.88,-233.80,2.29,-223.77
41.9,-160,-183,22.88,-221.48,2.29,-212.33
42.0,-160,-183,22.88,-210.04,2.29,-200.89
42.2,-160,-183,22.88,-198.60,2.29,-189.45
42.3,-160,-181,21.13,-187.16,2.11,-178.88
42.4,-160,-183,22.88,-176.77,2.29,-167.44
42.5,-160,-181,21.13,-165.15,2.11,-156.88
42.6,-160,-174,14.09,-154.77,1.41,-149.83
42.7,-160,-169,8.82,-148.42,0.88,-145.42
42.8,-160,-164,3.54,-144.54,0.35,-143.65
43.0,-160,-162,1.78,-143.30,0.18,-142.76
43.1,-160,-160,0.02,-142.58,0.00,-142.75
43.2,-159,-158,-0.74,-142.75,-0.07,-143.12
43.3,-159,-162,2.78,-143.19,0.28,-141.73
43.4,-159,-160,01.02,-141.45,0.10,-141.22
43.5,-159,-158,-0.74,-141.11,-0.07,-141.58
43.7,-159,-164,4.54,-141.66,0.45,-139.31
43.8,-160,-160,0.02,-138.86,0.00,-139.30
43.9,-160,-158,-1.74,-139.30,-0.17,-140.17
44.0,-160,-160,0.02,-140.34,0.00,-140.16
44.1,-160,-158,-1.74,-140.16,-0.17,-141.03
44.2,-160,-160,0.02,-141.20,0.00,-141.01
44.3,-160,-160,0.02,-141.01,0.00,-141.00
44.5,-160,-158,-1.74,-141.00,-0.17,-141.87
44.6,-160,-162,1.78,-142.04,0.18,-140.98
44.7,-160,-160,0.02,-140.80,0.00,-140.97
44.8,-160,-160,0.02,-140.96,0.00,-140.95
44.9,-160,-160,0.02,-140.95,0.00,-140.94
45.0,-160,-160,0.02,-140.94,0.00,-140.93
45.1,-160,-160,0.02,-140.93,0.00,-140.92
45.3,-160,-162,1.78,-140.92,0.18,-140.03
45.4,-160,-160,0.02,-139.85,0.00,-140.02
45.5,-160,-160,0.02,-140.01,0.00,-140.01
45.6,-160,-158,-1.74,-140.00,-0.17,-140.87
45.7,-160,-164,3.54,-141.05,0.35,-139.10
45.8,-159,-162,2.78,-138.75,0.28,-137.71
45.9,-155,-160,05.02,-137.43,0.50,-135.20
46.1,-152,-160,08.02,-134.70,0.80,-131.19
46.2,-149,-158,9.26,-130.39,0.93,-126.56
46.3,-146,-158,12.26,-125.63,1.23,-120.42
46.4,-143,-157,13.51,-119.20,1.35,-113.67
46.5,-140,-155,14.75,-112.32,1.47,-106.30
46.6,-138,-149,11.47,-104.82,1.15,-100.56
46.8,-135,-146,10.96,-99.41,1.10,-95.08
46.9,-133,-139,5.92,-93.99,0.59,-92.12
47.0,-132,-134,1.65,-91.53,0.16,-91.30
47.1,-131,-128,-2.63,-91.13,-0.26,-92.61
47.2,-130,-127,-3.39,-92.88,-0.34,-94.31
47.3,-129,-127,-2.39,-94.65,-0.24,-95.50
47.4,-128,-127,-1.39,-95.74,-0.14,-96.20
47.5,-127,-127,-0.39,-96.33,-0.04,-96.39
47.7,-126,-128,2.37,-96.43,0.24,-95.20
47.8,-125,-125,-0.15,-94.97,-0.01,-95.28
47.9,-125,-128,3.37,-95.29,0.34,-93.59
48.0,-124,-125,0.85,-93.26,0.09,-93.17
48.1,-124,-125,0.85,-93.08,0.09,-92.74
48.2,-124,-125,0.85,-92.65,0.09,-92.31
48.3,-123,-125,1.85,-92.23,0.19,-91.39
48.5,-122,-123,01.09,-91.20,0.11,-90.84
48.6,-121,-123,02.09,-90.73,0.21,-89.79
48.7,-121,-121,0.34,-89.58,0.03,-89.62
48.8,-120,-123,03.09,-89.59,0.31,-88.07
48.9,-120,-120,-0.42,-87.76,-0.04,-88.29
49.0,-120,-123,03.09,-88.33,0.31,-86.74
49.1,-120,-120,-0.42,-86.43,-0.04,-86.95
49.2,-120,-121,1.34,-86.99,0.13,-86.28
49.4,-119,-120,0.58,-86.15,0.06,-85.99
49.5,-119,-118,-1.18,-85.93,-0.12,-86.58
49.6,-118,-120,1.58,-86.70,0.16,-85.79
49.7,-118,-116,-1.94,-85.64,-0.19,-86.76
49.8,-118,-118,-0.18,-86.96,-0.02,-86.85
49.9,-117,-120,2.58,-86.87,0.26,-85.56
50.0,-119,-116,-2.94,-85.31,-0.29,-87.03
50.1,-115,-120,4.58,-87.33,0.46,-84.74
50.3,-114,-116,02.06,-84.29,0.21,-83.71
50.4,-112,-118,5.82,-83.51,0.58,-80.80
50.5,-111,-116,05.06,-80.22,0.51,-78.27
50.6,-110,-114,4.30,-77.77,0.43,-76.12
50.7,-110,-111,0.79,-75.69,0.08,-75.73
50.8,-109,-107,-1.73,-75.65,-0.17,-76.60
50.9,-108,-107,-0.73,-76.77,-0.07,-76.96
51.0,-107,-107,0.27,-77.03,0.03,-76.83
51.2,-106,-106,-0.49,-76.80,-0.05,-77.07
51.3,-106,-106,-0.49,-77.12,-0.05,-77.32
51.4,-105,-106,0.51,-77.37,0.05,-77.06
51.5,-104,-106,1.51,-77.01,0.15,-76.31
51.6,-104,-104,-0.25,-76.16,-0.02,-76.43
51.7,-104,-106,1.51,-76.46,0.15,-75.68
51.8,-104,-104,-0.25,-75.53,-0.02,-75.80
52.0,-103,-104,0.75,-75.83,0.08,-75.43
52.1,-103,-104,0.75,-75.35,0.08,-75.05
52.2,-103,-102,-1.01,-74.97,-0.10,-75.55
52.3,-103,-104,0.75,-75.65,0.08,-75.18
52.4,-103,-100,-2.77,-75.10,-0.28,-76.56
52.5,-103,-104,0.75,-76.84,0.08,-76.18
52.6,-103,-102,-1.01,-76.11,-0.10,-76.69
52.7,-102,-106,3.51,-76.79,0.35,-74.93
52.9,-102,-102,-0.01,-74.58,-0.00,-74.94
53.0,-101,-106,4.51,-74.94,0.45,-72.68
53.1,-101,-102,0.99,-72.23,0.10,-72.18
53.2,-100,-100,0.23,-72.09,0.02,-72.07
53.3,-99,-98,-0.52,-72.04,-0.05,-72.33
53.4,-99,-97,-2.28,-72.38,-0.23,-73.47
53.5,-100,-98,-1.52,-73.70,-0.15,-74.23
53.7,-99,-97,-2.28,-74.39,-0.23,-75.37
53.8,-99,-98,-0.52,-75.60,-0.05,-75.64
53.9,-97,-98,1.48,-75.69,0.15,-74.90
54.0,-98,-98,0.48,-74.75,0.05,-74.66
54.1,-97,-98,1.48,-74.61,0.15,-73.92
54.2,-97,-98,1.48,-73.77,0.15,-73.18
54.3,-98,-98,0.48,-73.04,0.05,-72.95
54.4,-98,-97,-1.28,-72.90,-0.13,-73.59
54.5,-98,-100,2.23,-73.72,0.22,-72.47
54.7,-97,-97,-0.28,-72.25,-0.03,-72.61
54.8,-98,-98,0.48,-72.64,0.05,-72.37
54.9,-98,-95,-3.04,-72.33,-0.30,-73.89
55.0,-97,-98,1.48,-74.20,0.15,-73.16
55.1,-96,-95,-1.04,-73.01,-0.10,-73.68
55.2,-97,-98,1.48,-73.78,0.15,-72.94
55.3,-97,-97,-0.28,-72.79,-0.03,-73.08
55.4,-98,-98,0.48,-73.11,0.05,-72.84
55.5,-98,-95,-3.04,-72.79,-0.30,-74.36
55.7,-98,-98,0.48,-74.67,0.05,-74.12
55.8,-98,-97,-1.28,-74.08,-0.13,-74.77
55.9,-97,-98,1.48,-74.89,0.15,-74.03
56.0,-97,-97,-0.28,-73.88,-0.03,-74.17
56.1,-97,-98,1.48,-74.20,0.15,-73.43
56.2,-97,-98,1.48,-73.28,0.15,-72.69
56.3,-97,-97,-0.28,-72.55,-0.03,-72.83
56.4,-97,-98,1.48,-72.86,0.15,-72.10
56.5,-97,-95,-2.04,-71.95,-0.20,-73.12
56.7,-98,-98,0.48,-73.32,0.05,-72.88
56.8,-97,-95,-2.04,-72.83,-0.20,-73.90
56.9,-97,-97,-0.28,-74.10,-0.03,-74.04
57.0,-98,-98,0.48,-74.07,0.05,-73.80
57.1,-97,-97,-0.28,-73.76,-0.03,-73.94
57.2,-97,-100,3.23,-73.97,0.32,-72.33
57.3,-97,-98,1.48,-72.00,0.15,-71.59
57.4,-97,-97,-0.28,-71.44,-0.03,-71.73
57.5,-98,-98,0.48,-71.76,0.05,-71.49
57.7,-97,-95,-2.04,-71.44,-0.20,-72.51
57.8,-97,-97,-0.28,-72.72,-0.03,-72.65
57.9,-98,-95,-3.04,-72.68,-0.30,-74.17
58.0,-97,-97,-0.28,-74.48,-0.03,-74.32
58.1,-98,-98,0.48,-74.34,0.05,-74.08
58.2,-98,-97,-1.28,-74.03,-0.13,-74.72
58.3,-97,-98,1.48,-74.85,0.15,-73.98
58.4,-97,-98,1.48,-73.83,0.15,-73.24
58.5,-97,-97,-0.28,-73.10,-0.03,-73.38
58.7,-97,-100,3.23,-73.41,0.32,-71.77
58.8,-97,-97,-0.28,-71.44,-0.03,-71.91
58.9,-98,-98,0.48,-71.94,0.05,-71.67
59.0,-97,-93,-3.80,-71.62,-0.38,-73.57
59.1,-97,-95,-2.04,-73.95,-0.20,-74.59
59.2,-98,-95,-3.04,-74.79,-0.30,-76.11
59.3,-98,-97,-1.28,-76.42,-0.13,-76.75
59.4,-97,-98,1.48,-76.88,0.15,-76.01
59.6,-98,-98,0.48,-75.87,0.05,-75.78
59.7,-98,-98,0.48,-75.73,0.05,-75.54
59.8,-97,-100,3.23,-75.49,0.32,-73.92
59.9,-98,-100,2.23,-73.60,0.22,-72.80
60.0,-98,-100,2.23,-72.58,0.22,-71.69
60.1,-97,-98,1.48,-71.46,0.15,-70.95
60.2,-97,-97,-0.28,-70.80,-0.03,-71.09
60.3,-98,-97,-1.28,-71.12,-0.13,-71.73
60.4,-97,-95,-2.04,-71.86,-0.20,-72.75
60.6,-97,-95,-2.04,-72.96,-0.20,-73.77
60.7,-97,-97,-0.28,-73.98,-0.03,-73.91
60.8,-97,-95,-2.04,-73.94,-0.20,-74.93
60.9,-97,-97,-0.28,-75.14,-0.03,-75.08
61.0,-96,-98,2.48,-75.10,0.25,-73.84
61.1,-98,-97,-1.28,-73.59,-0.13,-74.48
61.2,-95,-100,5.23,-74.61,0.52,-71.86
61.3,-95,-97,1.72,-71.34,0.17,-71.00
61.4,-94,-97,2.72,-70.83,0.27,-69.64
61.6,-94,-95,0.96,-69.37,0.10,-69.16
61.7,-94,-95,0.96,-69.07,0.10,-68.69
61.8,-94,-91,-2.56,-68.59,-0.26,-69.96
61.9,-94,-93,-0.80,-70.22,-0.08,-70.36
62.0,-93,-93,0.20,-70.44,0.02,-70.26
62.1,-93,-93,0.20,-70.24,0.02,-70.16
62.2,-93,-91,-1.56,-70.14,-0.16,-70.94
62.3,-92,-93,1.20,-71.10,0.12,-70.34
62.4,-92,-93,1.20,-70.22,0.12,-69.74
62.6,-91,-93,2.20,-69.62,0.22,-68.64
62.7,-90,-91,1.44,-68.42,0.14,-67.92
62.8,-90,-91,1.44,-67.78,0.14,-67.20
62.9,-89,-91,2.44,-67.06,0.24,-65.98
63.0,-89,-88,-1.08,-65.73,-0.11,-66.52
63.1,-89,-90,0.68,-66.62,0.07,-66.17
63.2,-88,-86,-1.83,-66.11,-0.18,-67.09
63.3,-87,-88,0.92,-67.27,0.09,-66.63
63.4,-86,-84,-1.59,-66.54,-0.16,-67.42
63.6,-86,-88,1.92,-67.58,0.19,-66.46
63.7,-84,-86,2.17,-66.27,0.22,-65.38
63.8,-84,-86,2.17,-65.16,0.22,-64.30
63.9,-84,-86,2.17,-64.08,0.22,-63.21
64.0,-84,-84,0.41,-63.00,0.04,-63.01
64.1,-83,-83,-0.35,-62.97,-0.04,-63.18
64.2,-83,-83,-0.35,-63.22,-0.04,-63.36
64.3,-83,-83,-0.35,-63.39,-0.04,-63.53
64.4,-83,-81,-2.11,-63.57,-0.21,-64.59
64.6,-83,-83,-0.35,-64.80,-0.04,-64.76
64.7,-84,-83,-1.35,-64.80,-0.14,-65.44
64.8,-81,-83,1.65,-65.57,0.16,-64.61
64.9,-80,-81,0.89,-64.45,0.09,-64.17
65.0,-79,-81,1.89,-64.08,0.19,-63.22
65.1,-78,-81,2.89,-63.03,0.29,-61.78
65.2,-79,-81,1.89,-61.49,0.19,-60.83
65.3,-79,-81,1.89,-60.64,0.19,-59.89
65.4,-77,-77,0.37,-59.70,0.04,-59.70
65.6,-78,-76,-2.38,-59.66,-0.24,-60.89
65.7,-75,-77,2.37,-61.13,0.24,-59.71
65.8,-74,-74,-0.14,-59.47,-0.01,-59.78
65.9,-74,-76,1.62,-59.79,0.16,-58.97
66.0,-73,-74,0.86,-58.81,0.09,-58.54
66.1,-70,-72,2.10,-58.46,0.21,-57.49
66.2,-70,-70,0.34,-57.28,0.03,-57.32
66.3,-69,-70,1.34,-57.29,0.13,-56.65
66.4,-69,-70,1.34,-56.52,0.13,-55.98
66.5,-68,-67,-1.18,-55.85,-0.12,-56.57
66.7,-68,-69,0.58,-56.69,0.06,-56.28
66.8,-67,-65,-1.94,-56.22,-0.19,-57.25
66.9,-66,-67,0.82,-57.44,0.08,-56.84
67.0,-65,-65,0.06,-56.75,0.01,-56.80
67.1,-65,-65,0.06,-56.80,0.01,-56.77
67.2,-63,-65,02.06,-56.76,0.21,-55.74
67.3,-62,-65,03.06,-55.53,0.31,-54.21
67.4,-63,-65,02.06,-53.90,0.21,-53.17
67.5,-61,-65,04.06,-52.97,0.41,-51.14
67.7,-59,-62,2.55,-50.74,0.25,-49.87
67.8,-57,-58,01.03,-49.61,0.10,-49.35
67.9,-54,-56,2.27,-49.25,0.23,-48.22
68.0,-53,-55,1.51,-47.99,0.15,-47.46
68.1,-53,-49,-3.76,-47.31,-0.38,-49.34
68.2,-53,-49,-3.76,-49.72,-0.38,-51.22
68.3,-53,-47,-5.52,-51.60,-0.55,-53.98
68.4,-54,-47,-6.52,-54.54,-0.65,-57.24
68.5,-51,-53,1.75,-57.90,0.18,-56.37
68.7,-33,-55,21.51,-56.19,2.15,-45.61
68.8,24,-58,82.03,-43.46,8.20,-4.59
68.9,82,-56,138.27,3.61,13.83,64.54
69.0,130,-37,166.93,78.37,16.69,148.01
69.1,160,12,147.69,164.70,14.77,221.85
69.2,160,79,80.87,236.62,08.09,262.29
69.3,160,137,22.84,270.37,2.28,273.70
69.4,160,165,-5.30,275.99,-0.53,271.05
69.5,160,174,-14.09,270.52,-1.41,264.01
69.7,160,179,-19.37,262.60,-1.94,254.33
69.8,160,181,-21.13,252.39,-2.11,243.76
69.9,160,179,-19.37,241.65,-1.94,234.08
70.0,160,178,-17.61,232.14,-1.76,225.27
70.1,160,179,-19.37,223.51,-1.94,215.59
70.2,160,179,-19.37,213.65,-1.94,205.91
70.3,160,178,-17.61,203.97,-1.76,197.10
70.5,159,176,-16.85,195.34,-1.68,188.68
70.6,160,174,-14.09,186.99,-1.41,181.63
70.7,160,172,-12.33,180.22,-1.23,175.47
70.8,160,172,-12.33,174.23,-1.23,169.30
70.9,160,171,-10.57,168.07,-1.06,164.01
71.0,160,169,-8.82,162.96,-0.88,159.60
71.1,160,167,-7.06,158.72,-0.71,156.08
71.2,160,165,-5.30,155.37,-0.53,153.43
71.4,160,164,-3.54,152.90,-0.35,151.66
71.5,159,164,-4.54,151.30,-0.45,149.39
71.6,160,162,-1.78,148.93,-0.18,148.50
71.7,160,162,-1.78,148.32,-0.18,147.60
71.8,160,162,-1.78,147.43,-0.18,146.71
71.9,160,162,-1.78,146.54,-0.18,145.82
72.0,160,160,-0.02,145.64,-0.00,145.81
72.1,160,162,-1.78,145.81,-0.18,144.92
72.3,160,158,1.74,144.74,0.17,145.79
72.4,160,158,1.74,145.96,0.17,146.65
72.5,160,157,3.49,146.83,0.35,148.40
72.6,160,157,3.49,148.75,0.35,150.15
72.7,160,158,1.74,150.50,0.17,151.02
72.8,160,158,1.74,151.19,0.17,151.88
72.9,160,160,-0.02,152.06,-0.00,151.87
73.0,160,162,-1.78,151.87,-0.18,150.98
73.1,159,162,-2.78,150.80,-0.28,149.59
73.3,160,162,-1.78,149.31,-0.18,148.70
73.4,160,162,-1.78,148.52,-0.18,147.81
73.5,160,162,-1.78,147.63,-0.18,146.92
73.6,159,162,-2.78,146.74,-0.28,145.53
73.7,160,162,-1.78,145.25,-0.18,144.63
73.8,160,160,-0.02,144.46,-0.00,144.62
73.9,160,160,-0.02,144.62,-0.00,144.61
74.0,160,160,-0.02,144.61,-0.00,144.60
74.1,160,160,-0.02,144.60,-0.00,144.59
74.3,160,160,-0.02,144.59,-0.00,144.58
74.4,160,162,-1.78,144.57,-0.18,143.69
74.5,160,160,-0.02,143.51,-0.00,143.67
74.6,160,162,-1.78,143.67,-0.18,142.78
74.7,160,160,-0.02,142.60,-0.00,142.77
74.8,160,160,-0.02,142.77,-0.00,142.76
74.9,160,162,-1.78,142.76,-0.18,141.87
75.0,160,160,-0.02,141.69,-0.00,141.86
75.2,160,160,-0.02,141.85,-0.00,141.84
75.3,160,160,-0.02,141.84,-0.00,141.83
75.4,160,160,-0.02,141.83,-0.00,141.82
75.5,159,158,0.74,141.82,0.07,142.19
75.6,160,158,1.74,142.26,0.17,143.06
75.7,154,157,-2.51,143.23,-0.25,141.80
75.8,104,160,-56.02,141.55,-5.60,113.79
75.9,28,160,-132.02,108.19,-13.20,47.78
76.1,-44,157,-200.51,34.58,-20.05,-52.47
76.2,-94,135,-229.40,-72.52,-22.94,-167.18
76.3,-140,55,-194.51,-190.12,-19.45,-264.43
76.4,-160,-81,-79.11,-283.88,-7.91,-303.99
76.5,-160,-164,3.54,-311.90,0.35,-302.22
76.6,-160,-183,22.88,-301.86,2.29,-290.77
76.8,-160,-190,29.92,-288.49,2.99,-275.82
76.9,-160,-192,31.68,-272.82,3.17,-259.98
77.0,-160,-192,31.68,-256.81,3.17,-244.14
77.1,-160,-193,33.43,-240.97,3.34,-227.42
77.2,-160,-192,31.68,-224.08,3.17,-211.58
77.3,-160,-186,26.40,-208.42,2.64,-198.38
77.4,-160,-186,26.40,-195.74,2.64,-185.18
77.6,-160,-179,19.37,-182.54,1.94,-175.50
77.7,-160,-183,22.88,-173.56,2.29,-164.06
77.8,-160,-183,22.88,-161.77,2.29,-152.62
77.9,-160,-181,21.13,-150.33,2.11,-142.05
78.0,-160,-172,12.33,-139.94,1.23,-135.89
78.1,-160,-167,07.06,-134.65,0.71,-132.36
78.3,-160,-162,1.78,-131.65,0.18,-131.47
78.4,-160,-158,-1.74,-131.29,-0.17,-132.33
78.5,-160,-160,0.02,-132.51,0.00,-132.32
78.6,-160,-157,-3.49,-132.32,-0.35,-134.07
78.7,-160,-160,0.02,-134.42,0.00,-134.06
78.8,-160,-157,-3.49,-134.05,-0.35,-135.80
78.9,-160,-160,0.02,-136.15,0.00,-135.79
79.1,-160,-158,-1.74,-135.79,-0.17,-136.66
79.2,-160,-162,1.78,-136.83,0.18,-135.77
79.3,-160,-160,0.02,-135.59,0.00,-135.76
79.4,-160,-160,0.02,-135.75,0.00,-135.75
79.5,-160,-160,0.02,-135.74,0.00,-135.73
79.6,-160,-160,0.02,-135.73,0.00,-135.72
79.7,-160,-160,0.02,-135.72,0.00,-135.71
79.9,-160,-160,0.02,-135.71,0.00,-135.70
80.0,-160,-158,-1.74,-135.70,-0.17,-136.57
80.1,-160,-164,3.54,-136.74,0.35,-134.80
80.2,-160,-158,-1.74,-134.44,-0.17,-135.66
80.3,-160,-162,1.78,-135.84,0.18,-134.77
80.4,-160,-158,-1.74,-134.59,-0.17,-135.64
80.6,-160,-162,1.78,-135.81,0.18,-134.75
80.7,-160,-158,-1.74,-134.57,-0.17,-135.62
80.8,-160,-162,1.78,-135.79,0.18,-134.73
80.9,-160,-160,0.02,-134.55,0.00,-134.71
81.0,-160,-160,0.02,-134.71,0.00,-134.70
81.1,-160,-160,0.02,-134.70,0.00,-134.69
81.2,-160,-158,-1.74,-134.69,-0.17,-135.56
81.4,-160,-164,3.54,-135.73,0.35,-133.79
81.5,-160,-162,1.78,-133.43,0.18,-132.90
81.6,-160,-160,0.02,-132.72,0.00,-132.89
81.7,-160,-160,0.02,-132.88,0.00,-132.87
81.8,-160,-160,0.02,-132.87,0.00,-132.86
81.9,-160,-158,-1.74,-132.86,-0.17,-133.73
82.0,-160,-164,3.54,-133.90,0.35,-131.96
82.2,-160,-160,0.02,-131.60,0.00,-131.95
82.3,-160,-160,0.02,-131.94,0.00,-131.94
82.4,-160,-160,0.02,-131.93,0.00,-131.92
82.5,-160,-160,0.02,-131.92,0.00,-131.91
82.6,-160,-158,-1.74,-131.91,-0.17,-132.78
82.7,-160,-162,1.78,-132.95,0.18,-131.89
82.8,-160,-160,0.02,-131.71,0.00,-131.88
83.0,-160,-158,-1.74,-131.87,-0.17,-132.74
83.1,-160,-164,3.54,-132.92,0.35,-130.97
83.2,-160,-158,-1.74,-130.62,-0.17,-131.84
83.3,-160,-164,3.54,-132.02,0.35,-130.07
83.4,-160,-158,-1.74,-129.72,-0.17,-130.94
83.5,-160,-164,3.54,-131.11,0.35,-129.17
83.7,-160,-158,-1.74,-128.81,-0.17,-130.04
83.8,-160,-162,1.78,-130.21,0.18,-129.15
83.9,-160,-160,0.02,-128.97,0.00,-129.13
84.0,-160,-158,-1.74,-129.13,-0.17,-130.00
84.1,-160,-160,0.02,-130.17,0.00,-129.99
84.2,-160,-158,-1.74,-129.99,-0.17,-130.86
84.3,-160,-162,1.78,-131.03,0.18,-129.97
84.5,-160,-160,0.02,-129.79,0.00,-129.95
84.6,-160,-158,-1.74,-129.95,-0.17,-130.82
84.7,-160,-162,1.78,-131.00,0.18,-129.93
84.8,-160,-160,0.02,-129.75,0.00,-129.92
84.9,-160,-158,-1.74,-129.92,-0.17,-130.79
85.0,-160,-162,1.78,-130.96,0.18,-129.90
85.2,-160,-160,0.02,-129.72,0.00,-129.88
85.3,-160,-158,-1.74,-129.88,-0.17,-130.75
85.4,-160,-162,1.78,-130.93,0.18,-129.86
85.5,-160,-160,0.02,-129.68,0.00,-129.85
85.6,-160,-158,-1.74,-129.85,-0.17,-130.72
85.7,-160,-162,1.78,-130.89,0.18,-129.83
85.8,-160,-158,-1.74,-129.65,-0.17,-130.69
86.0,-160,-162,1.78,-130.87,0.18,-129.80
86.1,-160,-158,-1.74,-129.62,-0.17,-130.67
86.2,-160,-164,3.54,-130.84,0.35,-128.90
86.3,-160,-158,-1.74,-128.55,-0.17,-129.77
86.4,-160,-164,3.54,-129.94,0.35,-128.00
86.5,-160,-160,0.02,-127.64,0.00,-127.98
86.7,-160,-158,-1.74,-127.98,-0.17,-128.85
86.8,-160,-162,1.78,-129.03,0.18,-127.96
86.9,-160,-160,0.02,-127.78,0.00,-127.95
87.0,-160,-158,-1.74,-127.95,-0.17,-128.82
87.1,-160,-162,1.78,-128.99,0.18,-127.93
87.2,-160,-158,-1.74,-127.75,-0.17,-128.79
87.3,-160,-162,1.78,-128.97,0.18,-127.90
87.5,-160,-158,-1.74,-127.72,-0.17,-128.77
87.6,-160,-162,1.78,-128.94,0.18,-127.88
87.7,-160,-157,-3.49,-127.70,-0.35,-129.63
87.8,-160,-162,1.78,-129.98,0.18,-128.74
87.9,-160,-158,-1.74,-128.56,-0.17,-129.60
88.0,-160,-160,0.02,-129.78,0.00,-129.59
88.2,-160,-160,0.02,-129.59,0.00,-129.58
88.3,-160,-160,0.02,-129.58,0.00,-129.57
88.4,-160,-158,-1.74,-129.57,-0.17,-130.44
88.5,-160,-164,3.54,-130.61,0.35,-128.66
88.6,-160,-160,0.02,-128.31,0.00,-128.65
88.7,-160,-162,1.78,-128.65,0.18,-127.76
88.8,-160,-160,0.02,-127.58,0.00,-127.75
89.0,-150,-160,10.02,-127.75,1.00,-122.74
89.1,-88,-162,73.78,-121.74,7.38,-85.85
89.2,-28,-157,128.51,-78.47,12.85,-21.59
89.3,35,-149,184.47,-8.74,18.45,70.64
89.4,95,-120,214.58,89.09,21.46,177.93
89.5,151,-33,184.41,199.39,18.44,270.14
89.6,160,88,72.08,288.58,7.21,306.17
89.7,160,155,5.25,313.38,0.53,308.80
89.9,160,174,-14.09,309.33,-1.41,301.75
90.0,160,181,-21.13,300.35,-2.11,291.19
90.1,160,185,-24.64,289.08,-2.46,278.87
90.2,160,186,-26.40,276.41,-2.64,265.67
90.3,160,186,-26.40,263.03,-2.64,252.47
90.4,160,190,-29.92,249.83,-2.99,237.51
90.5,160,186,-26.40,234.52,-2.64,224.31
90.6,160,185,-24.64,221.67,-2.46,211.99
90.8,159,183,-23.88,209.52,-2.39,200.05
90.9,160,181,-21.13,197.66,-2.11,189.48
91.0,160,179,-19.37,187.37,-1.94,179.80
91.1,160,178,-17.61,177.86,-1.76,171.00
91.2,160,176,-15.85,169.24,-1.58,163.07
91.3,160,174,-14.09,161.49,-1.41,156.03
91.4,160,172,-12.33,154.62,-1.23,149.86
91.6,160,169,-8.82,148.63,-0.88,145.45
91.7,160,165,-5.30,144.57,-0.53,142.80
91.8,159,164,-4.54,142.27,-0.45,140.53
91.9,160,162,-1.78,140.08,-0.18,139.64
92.0,160,162,-1.78,139.46,-0.18,138.75
92.1,160,160,-0.02,138.57,-0.00,138.74
92.2,160,160,-0.02,138.74,-0.00,138.73
92.3,160,160,-0.02,138.72,-0.00,138.71
92.5,160,160,-0.02,138.71,-0.00,138.70
92.6,160,160,-0.02,138.70,-0.00,138.69
92.7,160,160,-0.02,138.69,-0.00,138.68
92.8,160,160,-0.02,138.68,-0.00,138.67
92.9,160,160,-0.02,138.67,-0.00,138.66
93.0,160,160,-0.02,138.65,-0.00,138.64
93.1,160,160,-0.02,138.64,-0.00,138.63
93.2,160,160,-0.02,138.63,-0.00,138.62
93.4,160,160,-0.02,138.62,-0.00,138.61
93.5,160,160,-0.02,138.61,-0.00,138.60
93.6,160,160,-0.02,138.59,-0.00,138.59
93.7,159,160,-1.02,138.58,-0.10,138.07
93.8,160,160,-0.02,137.97,-0.00,138.06
93.9,160,160,-0.02,138.06,-0.00,138.05
94.0,160,160,-0.02,138.05,-0.00,138.04
94.1,160,160,-0.02,138.04,-0.00,138.03
94.3,160,160,-0.02,138.02,-0.00,138.02
94.4,160,160,-0.02,138.01,-0.00,138.00
94.5,160,162,-1.78,138.00,-0.18,137.11
94.6,160,160,-0.02,136.93,-0.00,137.10
94.7,160,160,-0.02,137.10,-0.00,137.09
94.8,160,158,1.74,137.09,0.17,137.96
94.9,160,157,3.49,138.13,0.35,139.70
95.0,160,155,5.25,140.05,0.53,142.33
95.1,160,157,3.49,142.85,0.35,144.08
95.3,160,158,1.74,144.43,0.17,144.94
95.4,160,158,1.74,145.12,0.17,145.81
95.5,160,160,-0.02,145.98,-0.00,145.80
95.6,160,162,-1.78,145.80,-0.18,144.91
95.7,160,164,-3.54,144.73,-0.35,143.14
95.8,159,162,-2.78,142.78,-0.28,141.75
95.9,160,162,-1.78,141.47,-0.18,140.86
96.0,160,162,-1.78,140.68,-0.18,139.97
96.1,160,162,-1.78,139.79,-0.18,139.07
96.3,160,160,-0.02,138.90,-0.00,139.06
96.4,160,160,-0.02,139.06,-0.00,139.05
96.5,160,160,-0.02,139.05,-0.00,139.04
96.6,160,160,-0.02,139.04,-0.00,139.03
96.7,160,162,-1.78,139.03,-0.18,138.14
96.8,160,160,-0.02,137.96,-0.00,138.12
96.9,160,160,-0.02,138.12,-0.00,138.11
97.0,160,160,-0.02,138.11,-0.00,138.10
97.2,160,160,-0.02,138.10,-0.00,138.09
97.3,160,158,1.74,138.09,0.17,138.96
97.4,160,158,1.74,139.13,0.17,139.82
97.5,160,157,3.49,140.00,0.35,141.57
97.6,160,157,3.49,141.92,0.35,143.32
97.7,160,158,1.74,143.67,0.17,144.19
97.8,160,158,1.74,144.36,0.17,145.05
97.9,159,158,0.74,145.23,0.07,145.42
98.0,160,158,1.74,145.49,0.17,146.29
98.2,160,158,1.74,146.46,0.17,147.16
98.3,160,160,-0.02,147.33,-0.00,147.14
98.4,160,162,-1.78,147.14,-0.18,146.25
98.5,160,164,-3.54,146.08,-0.35,144.48
98.6,160,162,-1.78,144.13,-0.18,143.59
98.7,160,164,-3.54,143.41,-0.35,141.82
98.8,160,162,-1.78,141.47,-0.18,140.93
98.9,160,162,-1.78,140.75,-0.18,140.04
99.1,160,160,-0.02,139.86,-0.00,140.03
99.2,160,162,-1.78,140.03,-0.18,139.14
99.3,160,160,-0.02,138.96,-0.00,139.13
99.4,160,160,-0.02,139.12,-0.00,139.11
99.5,160,162,-1.78,139.11,-0.18,138.22
99.6,160,160,-0.02,138.04,-0.00,138.21
99.7,160,160,-0.02,138.21,-0.00,138.20
99.8,160,160,-0.02,138.20,-0.00,138.19
99.9,159,160,-1.02,138.19,-0.10,137.68
100.1,159,160,-1.02,137.57,-0.10,137.16
100.2,160,162,-1.78,137.06,-0.18,136.27
100.3,160,162,-1.78,136.10,-0.18,135.38
100.4,160,160,-0.02,135.20,-0.00,135.37
100.5,160,160,-0.02,135.37,-0.00,135.36
100.6,160,160,-0.02,135.36,-0.00,135.35
100.7,160,160,-0.02,135.34,-0.00,135.34
100.9,159,160,-1.02,135.33,-0.10,134.82
101.0,160,160,-0.02,134.72,-0.00,134.81
101.1,160,160,-0.02,134.81,-0.00,134.80
101.2,160,160,-0.02,134.80,-0.00,134.79
101.3,160,160,-0.02,134.79,-0.00,134.78
101.4,160,160,-0.02,134.77,-0.00,134.77
101.5,160,160,-0.02,134.76,-0.00,134.75
101.6,159,158,0.74,134.75,0.07,135.12
101.8,160,158,1.74,135.19,0.17,135.99
101.9,160,157,3.49,136.16,0.35,137.74
102.0,160,157,3.49,138.08,0.35,139.48
102.1,160,158,1.74,139.83,0.17,140.35
102.2,160,158,1.74,140.52,0.17,141.22
102.3,160,158,1.74,141.39,0.17,142.08
102.4,160,160,-0.02,142.26,-0.00,142.07
102.5,160,162,-1.78,142.07,-0.18,141.18
102.7,159,164,-4.54,141.00,-0.45,138.91
102.8,160,162,-1.78,138.46,-0.18,138.02
102.9,160,162,-1.78,137.84,-0.18,137.13
103.0,160,162,-1.78,136.95,-0.18,136.24
103.1,160,162,-1.78,136.06,-0.18,135.35
103.2,160,160,-0.02,135.17,-0.00,135.34
103.3,160,162,-1.78,135.33,-0.18,134.45
103.4,160,160,-0.02,134.27,-0.00,134.43
103.6,160,160,-0.02,134.43,-0.00,134.42
103.7,160,158,1.74,134.42,0.17,135.29
103.8,160,155,5.25,135.46,0.53,137.92
103.9,160,157,3.49,138.44,0.35,139.66
104.0,160,157,3.49,140.01,0.35,141.41
104.1,160,158,1.74,141.76,0.17,142.28
104.2,160,158,1.74,142.45,0.17,143.14
104.3,160,160,-0.02,143.32,-0.00,143.13
104.5,160,162,-1.78,143.13,-0.18,142.24
104.6,160,164,-3.54,142.06,-0.35,140.47
104.7,160,164,-3.54,140.12,-0.35,138.70
104.8,159,164,-4.54,138.35,-0.45,136.43
104.9,160,162,-1.78,135.98,-0.18,135.54
105.0,160,162,-1.78,135.36,-0.18,134.65
105.1,160,162,-1.78,134.47,-0.18,133.76
105.2,160,160,-0.02,133.58,-0.00,133.75
105.4,160,160,-0.02,133.74,-0.00,133.73
105.5,160,158,1.74,133.73,0.17,134.60
105.6,160,157,3.49,134.78,0.35,136.35
105.7,160,157,3.49,136.70,0.35,138.10
105.8,160,157,3.49,138.44,0.35,139.84
105.9,160,157,3.49,140.19,0.35,141.59
106.0,160,158,1.74,141.94,0.17,142.46
106.1,160,157,3.49,142.63,0.35,144.20
106.3,160,158,1.74,144.55,0.17,145.07
106.4,160,160,-0.02,145.24,-0.00,145.06
106.5,159,164,-4.54,145.06,-0.45,142.79
106.6,160,164,-3.54,142.33,-0.35,141.02
106.7,160,162,-1.78,140.66,-0.18,140.13
106.8,160,162,-1.78,139.95,-0.18,139.24
106.9,160,162,-1.78,139.06,-0.18,138.35
107.0,160,160,-0.02,138.17,-0.00,138.33
107.2,160,160,-0.02,138.33,-0.00,138.32
107.3,159,160,-1.02,138.32,-0.10,137.81
107.4,160,162,-1.78,137.71,-0.18,136.92
107.5,160,160,-0.02,136.74,-0.00,136.91
107.6,160,160,-0.02,136.91,-0.00,136.90
107.7,160,160,-0.02,136.89,-0.00,136.88
107.8,160,160,-0.02,136.88,-0.00,136.87
108.0,160,160,-0.02,136.87,-0.00,136.86
108.1,159,160,-1.02,136.86,-0.10,136.35
108.2,160,160,-0.02,136.25,-0.00,136.34
108.3,160,160,-0.02,136.34,-0.00,136.33
108.4,160,160,-0.02,136.32,-0.00,136.31
108.5,160,160,-0.02,136.31,-0.00,136.30
108.6,160,160,-0.02,136.30,-0.00,136.29
108.7,160,160,-0.02,136.29,-0.00,136.28
108.9,160,160,-0.02,136.28,-0.00,136.27
109.0,160,160,-0.02,136.26,-0.00,136.26
109.1,160,160,-0.02,136.25,-0.00,136.24
109.2,160,160,-0.02,136.24,-0.00,136.23
109.3,160,158,1.74,136.23,0.17,137.10
109.4,160,155,5.25,137.27,0.53,139.73
109.5,160,157,3.49,140.25,0.35,141.47
109.6,160,157,3.49,141.82,0.35,143.22
109.8,160,158,1.74,143.57,0.17,144.09
109.9,159,160,-1.02,144.26,-0.10,143.57
110.0,160,162,-1.78,143.47,-0.18,142.68
110.1,160,164,-3.54,142.51,-0.35,140.91
110.2,160,162,-1.78,140.56,-0.18,140.02
110.3,160,164,-3.54,139.84,-0.35,138.25
110.4,160,162,-1.78,137.90,-0.18,137.36
110.6,160,162,-1.78,137.18,-0.18,136.47
110.7,159,160,-1.02,136.29,-0.10,135.96
110.8,160,162,-1.78,135.86,-0.18,135.07
110.9,160,160,-0.02,134.89,-0.00,135.06
111.0,160,158,1.74,135.05,0.17,135.92
111.1,160,158,1.74,136.10,0.17,136.79
111.2,160,155,5.25,136.96,0.53,139.42
111.3,160,157,3.49,139.94,0.35,141.16
111.4,160,157,3.49,141.51,0.35,142.91
111.6,160,158,1.74,143.26,0.17,143.78
111.7,159,158,0.74,143.95,0.07,144.15
111.8,160,160,-0.02,144.22,-0.00,144.13
111.9,160,162,-1.78,144.13,-0.18,143.24
112.0,160,164,-3.54,143.06,-0.35,141.47
112.1,160,164,-3.54,141.12,-0.35,139.70
112.2,160,164,-3.54,139.35,-0.35,137.93
112.3,160,162,-1.78,137.58,-0.18,137.04
112.5,160,160,-0.02,136.86,-0.00,137.03
112.6,160,162,-1.78,137.03,-0.18,136.14
112.7,160,160,-0.02,135.96,-0.00,136.13
112.8,160,160,-0.02,136.12,-0.00,136.12
112.9,160,160,-0.02,136.11,-0.00,136.10
113.0,160,160,-0.02,136.10,-0.00,136.09
113.1,160,160,-0.02,136.09,-0.00,136.08
113.3,160,160,-0.02,136.08,-0.00,136.07
113.4,160,160,-0.02,136.07,-0.00,136.06
113.5,160,162,-1.78,136.05,-0.18,135.17
113.6,160,160,-0.02,134.99,-0.00,135.15
113.7,160,160,-0.02,135.15,-0.00,135.14
113.8,160,160,-0.02,135.14,-0.00,135.13
113.9,160,158,1.74,135.13,0.17,136.00
114.0,160,158,1.74,136.17,0.17,136.87
114.2,160,157,3.49,137.04,0.35,138.61
114.3,160,158,1.74,138.96,0.17,139.48
114.4,160,158,1.74,139.65,0.17,140.35
114.5,160,157,3.49,140.52,0.35,142.09
114.6,160,158,1.74,142.44,0.17,142.96
114.7,160,158,1.74,143.14,0.17,143.83
114.8,160,160,-0.02,144.00,-0.00,143.82
114.9,160,164,-3.54,143.82,-0.35,142.05
115.1,160,164,-3.54,141.69,-0.35,140.28
115.2,160,164,-3.54,139.92,-0.35,138.51
115.3,159,162,-2.78,138.15,-0.28,137.12
115.4,160,162,-1.78,136.84,-0.18,136.23
115.5,159,162,-2.78,136.05,-0.28,134.83
115.6,160,162,-1.78,134.56,-0.18,133.94
115.7,160,160,-0.02,133.76,-0.00,133.93
115.8,160,160,-0.02,133.93,-0.00,133.92
116.0,160,158,1.74,133.92,0.17,134.79
116.1,160,157,3.49,134.96,0.35,136.53
116.2,160,157,3.49,136.88,0.35,138.28
116.3,159,157,2.49,138.63,0.25,139.53
116.4,160,157,3.49,139.78,0.35,141.27
116.5,160,157,3.49,141.62,0.35,143.02
116.6,160,158,1.74,143.37,0.17,143.89
116.7,160,158,1.74,144.06,0.17,144.76
116.8,160,160,-0.02,144.93,-0.00,144.74
117.0,160,164,-3.54,144.74,-0.35,142.97
117.1,160,164,-3.54,142.62,-0.35,141.20
117.2,160,164,-3.54,140.85,-0.35,139.43
117.3,159,162,-2.78,139.08,-0.28,138.04
117.4,160,164,-3.54,137.76,-0.35,136.27
117.5,160,162,-1.78,135.92,-0.18,135.38
117.6,160,160,-0.02,135.20,-0.00,135.37
117.8,160,160,-0.02,135.37,-0.00,135.36
117.9,160,160,-0.02,135.36,-0.00,135.35
118.0,160,158,1.74,135.34,0.17,136.21
118.1,159,157,2.49,136.39,0.25,137.46
118.2,160,158,1.74,137.71,0.17,138.33
118.3,160,157,3.49,138.50,0.35,140.08
118.4,160,157,3.49,140.42,0.35,141.82
118.5,160,157,3.49,142.17,0.35,143.57
118.7,160,157,3.49,143.92,0.35,145.32
118.8,160,158,1.74,145.66,0.17,146.18
118.9,160,160,-0.02,146.36,-0.00,146.17
119.0,160,164,-3.54,146.17,-0.35,144.40
119.1,160,164,-3.54,144.05,-0.35,142.63
119.2,160,164,-3.54,142.28,-0.35,140.86
119.3,160,162,-1.78,140.51,-0.18,139.97
119.4,159,162,-2.78,139.79,-0.28,138.58
119.6,160,162,-1.78,138.30,-0.18,137.69
119.7,160,162,-1.78,137.51,-0.18,136.80
119.8,160,160,-0.02,136.62,-0.00,136.78
119.9,159,162,-2.78,136.78,-0.28,135.39
120.0,160,160,-0.02,135.12,-0.00,135.38